2022-08-23_19-36-17	Чтение данных	Группа регистров 0	23 15 0 0 0 30 75 11 1 1 3 2 2 3 20 4 3 2c 8 3 0 0 0 0 0 0 0 0 0 0 0 0 2d dc f 0 0 0 0 0 
2022-08-23_19-36-53	Запись данных	Группа регистров 0	23 15 0 0 0 30 75 11 1 1 3 2 2 3 20 4 3 2c 8 3 0 0 0 0 0 0 0 0 0 0 0 0 2d dc f 0 0 0 0 0 
2022-08-23_19-37-31	Чтение данных	Группа регистров 1	23 15 0 0 0 30 75 11 
2022-08-23_19-37-33	Запись данных	Группа регистров 1	23 15 0 0 0 30 75 11 
2022-08-23_19-38-05	Чтение данных	Группа регистров 2	1 1 3 2 2 3 20 4 3 2c 8 3 0 0 0 0 0 0 0 0 0 0 0 
2022-08-23_19-38-06	Запись данных	Группа регистров 2	1 1 3 2 2 3 20 4 3 2c 8 3 0 0 0 0 0 0 0 0 0 0 0 
2022-08-23_19-39-12	Чтение данных	Группа регистров 3	2d dc f 0 0 0 0 0 
2022-08-23_19-39-13	Запись данных	Группа регистров 3	2d dc f 0 0 0 0 0 
2022-08-23_19-40-24	Чтение данных	Группа регистров 3	2d dc f 0 0 0 0 0 
2022-08-23_19-48-51	Запись данных	Группа регистров 0	23 15 00 00 00 30 75 11 01 01 03 02 02 03 20 04 03 2c 08 03 00 00 00 00 00 00 00 00 00 00 00 00 2d dc 0f 00 00 00 00 00 
2022-08-23_19-49-06	Запись данных	Группа регистров 1	23 15 00 00 00 30 75 11 
2022-08-23_19-49-22	Запись данных	Группа регистров 2	01 01 03 02 02 03 20 04 03 2c 08 03 00 00 00 00 00 00 00 00 00 00 00 
2022-08-23_19-49-24	Запись данных	Группа регистров 3	2d dc 0f 00 00 00 00 00 
2022-08-23_20-03-10	Запись данных	Группа регистров 0	23 15 00 00 00 30 75 11 01 01 03 02 02 03 20 04 03 2c 08 03 00 00 00 00 00 00 00 00 00 00 00 00 2d dc 0f 00 00 00 00 00 
2022-08-23_20-05-26	Запись данных	Группа регистров 0	23 15 00 00 00 30 75 11 01 01 03 02 02 03 20 04 03 2C 08 03 00 00 00 00 00 00 00 00 00 00 00 00 2D DC 0F 00 00 00 00 00 
2022-08-23_20-05-46	Чтение данных	Группа регистров 0	23 15 00 00 00 30 75 11 01 01 03 02 02 03 20 04 03 2C 08 03 00 00 00 00 00 00 00 00 00 00 00 00 2D DC 0F 00 00 00 00 00 
2022-08-23_20-05-48	Запись данных	Группа регистров 2	01 01 03 02 02 03 20 04 03 2C 08 03 00 00 00 00 00 00 00 00 00 00 00 
2022-08-23_20-05-50	Чтение данных	Группа регистров 3	2D DC 0F 00 00 00 00 00 
2022-08-23_20-05-53	Чтение данных	Группа регистров 1	23 15 00 00 00 30 75 11 
